bound: 1525 1000
start: 200 200 1.51
goal: 1325 200 0
ob_type: box
goal_radius: 101.6
scale: 1.0
obstacles:
0.0 0.0 1525.0 100.0
0.0 900.0 1525.0 1000.0
0.0 0.0 100.0 1000.0
1425.0 0.0 1525.0 1000.0
712.0 0.0 812.0 466.6666666666667
825.0 425.0 926.6 526.6
675.0 725.0 776.6 826.6
1200.0 650.0 1301.6 751.6
350.0 775.0 451.6 876.6
900.0 175.0 1001.6 276.6
600.0 400.0 701.6 501.6
475.0 425.0 576.6 526.6
975.0 750.0 1076.6 851.6
1075.0 375.0 1176.6 476.6
1075.0 250.0 1176.6 351.6
525.0 150.0 626.6 251.6
625.0 525.0 726.6 626.6
975.0 575.0 1076.6 676.6
150.0 450.0 251.6 551.6
175.0 700.0 276.6 801.6
