bound: 20
start: 2.0 2.0 0.0
goal: 18.0 18.0 0.0
ob_type: circle
scale: 1.5
obstacles:
3.0 3.0 0.4
5.0 5.0 0.6
7.0 7.0 0.5
9.0 9.0 0.7
11.0 11.0 0.5
13.0 13.0 0.4
15.0 15.0 0.6
4.0 16.0 0.5
6.0 14.0 0.7
8.0 12.0 0.6
10.0 8.0 0.5
12.0 6.0 0.4
14.0 4.0 0.6
16.0 2.0 0.5
6.0 3.0 0.4
14.0 17.0 0.7
12.0 16.0 0.6
8.0 18.0 0.5
17.0 10.0 0.6
18.0 5.0 0.4
3.5 10.5 0.5
6.5 13.5 0.7
7.5 5.5 0.6
2.5 15.5 0.5
12.5 2.5 0.4
18.5 15.5 0.6
5.5 17.5 0.5
13.5 8.5 0.7
9.5 16.5 0.4
10.5 3.5 0.6
15.5 12.5 0.5
7 16 1
12 8 1