bound: 400 400
start: 200 20 0.2
goal: 200 240 0
goal_radius: 23
ob_type: box
scale: 5
obstacles:
-20 0 420 -20
-20 -20 0 420
-20 420 420 400
420 420 400 -20
-20 80 40 100
40 100 20 20
-20 140 20 220
-20 320 40 340
40 340 20 260
-20 380 40 420
120 40 280 60
80 110 140 90
260 110 320 90
190 90 210 160
120 140 280 160
80 140 60 220
320 140 340 220
380 140 420 220
120 200 280 220
120 200 140 280
280 200 260 280
120 280 180 260
280 280 220 260
70 260 90 380
70 320 140 340
330 260 310 380
330 320 260 340
190 320 210 420
420 400 360 380
420 340 360 320
360 340 380 260
420 100 360 80
360 100 380 20